StartChar: W
Encoding: 87 87 56
Width: 1024
VWidth: 0
Flags: W
HStem: 0 20G<136 248 776 888> 1259 21G<136 248 776 888>
VStem: 128 128<0 238.938 496.004 1280> 768 128<0 238.938 496.004 1280>
DStem2: 496 512 304 512 0.707107 0.707107<-169.349 22.6274> 544 496 720 512 0.707107 -0.707107<-45.2548 146.722>
LayerCount: 4
Back
Image: 16 32 0 2 2 0 0 1664 64 64 0
=]nmXJ:IV"zz!!$C8?jpEO?jpEO?jpEO?jpEO?jpHP@uOoVB?Y1.Ci">YE#`6o?jm#8zzz
EndImage
Fore
Refer: 46 77 N -1 0 0 -1 1024 1280 2
Validated: 98305
Layer: 2
Refer: 46 77 N -1 0 0 -1 1024 1280 2
Layer: 3
Refer: 46 77 N -1 0 0 -1 1024 1280 2
Colour: 8000
EndChar
